Divorced,Married-spouse-absent,Widowed,Separated,Married-civ-spouse,Married-AF-spouse,Never-married
0.0,0.42081218957901,0.35030561685562134,0.5640468895435333,0.42081218957901,0.42081218957901,0.717534750699997
0.42081218957901,0.0,0.5675281584262848,0.6569000482559204,0.0,0.0,0.7234793305397034
0.35030561685562134,0.5675281584262848,0.0,0.7163134515285492,0.5675281584262848,0.5675281584262848,0.8392693251371384
0.5640468895435333,0.6569000482559204,0.7163134515285492,0.0,0.6569000482559204,0.6569000482559204,0.7779886722564697
0.42081218957901,0.0,0.5675281584262848,0.6569000482559204,0.0,0.0,0.7234793305397034
0.42081218957901,0.0,0.5675281584262848,0.6569000482559204,0.0,0.0,0.7234793305397034
0.717534750699997,0.7234793305397034,0.8392693251371384,0.7779886722564697,0.7234793305397034,0.7234793305397034,0.0
