Own-child,Husband,Not-in-family,Wife,Unmarried,Other-relative
0.0,0.7331308722496033,0.7813408225774765,0.742746889591217,0.7797420471906662,0.8872275799512863
0.7331308722496033,0.0,0.9122954234480858,0.3055037260055542,0.6995339393615723,0.9293382614850998
0.7813408225774765,0.9122954234480858,0.0,0.9878758462145925,0.8658917844295502,0.8483133167028427
0.742746889591217,0.3055037260055542,0.9878758462145925,0.0,0.7186857461929321,0.9490892514586449
0.7797420471906662,0.6995339393615723,0.8658917844295502,0.7186857461929321,0.0,0.9761937912553549
0.8872275799512863,0.9293382614850998,0.8483133167028427,0.9490892514586449,0.9761937912553549,0.0
